date0 = 1979-05-27T07:32:00Z
date1 = 1979-05-27T07:32:00.1Z
date2 = 1979-05-27T07:32:00.12Z
date3 = 1979-05-27T07:32:00.123Z
date4 = 1979-05-27T07:32:00.1234Z
date5 = 1979-05-27T07:32:00.12345Z
date6 = 1979-05-27T07:32:00.123456Z
